Value counts for problem children.

====================

w1q01_ei
7.0     373
6.0     308
8.0     264
5.0     210
4.0     150
9.0      85
3.0      49
10.0     42
2.0      13
1.0       9
0.0       4
Name: count, dtype: int64
w1q01_ei
7.0     0.247512
6.0     0.204380
8.0     0.175182
5.0     0.139350
4.0     0.099536
9.0     0.056403
3.0     0.032515
10.0    0.027870
2.0     0.008626
1.0     0.005972
0.0     0.002654
Name: proportion, dtype: float64

====================

w1q33_ei
97.0    589
1.0     272
3.0      85
2.0      81
4.0      53
5.0      38
7.0      32
6.0      29
9.0      28
10.0     24
8.0      23
16.0     20
12.0     19
20.0     18
17.0     18
14.0     17
15.0     16
13.0     14
19.0     14
21.0     11
23.0     11
18.0     11
11.0     11
22.0      9
0.0       7
27.0      7
26.0      6
32.0      6
31.0      6
25.0      5
34.0      5
28.0      5
29.0      4
30.0      4
24.0      3
35.0      3
39.0      1
33.0      1
71.0      1
Name: count, dtype: int64
w1q33_ei
97.0    0.390843
1.0     0.180491
3.0     0.056403
2.0     0.053749
4.0     0.035169
5.0     0.025216
7.0     0.021234
6.0     0.019244
9.0     0.018580
10.0    0.015926
8.0     0.015262
16.0    0.013271
12.0    0.012608
20.0    0.011944
17.0    0.011944
14.0    0.011281
15.0    0.010617
13.0    0.009290
19.0    0.009290
21.0    0.007299
23.0    0.007299
18.0    0.007299
11.0    0.007299
22.0    0.005972
0.0     0.004645
27.0    0.004645
26.0    0.003981
32.0    0.003981
31.0    0.003981
25.0    0.003318
34.0    0.003318
28.0    0.003318
29.0    0.002654
30.0    0.002654
24.0    0.001991
35.0    0.001991
39.0    0.000664
33.0    0.000664
71.0    0.000664
Name: proportion, dtype: float64

====================

w1q89_ei
7.0    842
3.0    336
1.0    229
2.0    100
Name: count, dtype: int64
w1q89_ei
7.0    0.558726
3.0    0.222960
1.0    0.151958
2.0    0.066357
Name: proportion, dtype: float64

====================

w1q111_ei
0.0     1004
15.0      76
14.0      64
13.0      56
16.0      44
12.0      34
17.0      31
18.0      23
10.0      18
19.0      17
20.0      16
11.0      15
21.0      12
30.0       8
22.0       7
9.0        6
23.0       6
6.0        6
24.0       5
26.0       5
35.0       5
29.0       5
8.0        5
7.0        4
25.0       3
31.0       3
40.0       3
5.0        3
34.0       2
47.0       2
37.0       2
58.0       2
32.0       2
52.0       2
38.0       2
46.0       2
45.0       1
28.0       1
42.0       1
50.0       1
59.0       1
2.0        1
55.0       1
Name: count, dtype: int64
w1q111_ei
0.0     0.666224
15.0    0.050431
14.0    0.042468
13.0    0.037160
16.0    0.029197
12.0    0.022561
17.0    0.020571
18.0    0.015262
10.0    0.011944
19.0    0.011281
20.0    0.010617
11.0    0.009954
21.0    0.007963
30.0    0.005309
22.0    0.004645
9.0     0.003981
23.0    0.003981
6.0     0.003981
24.0    0.003318
26.0    0.003318
35.0    0.003318
29.0    0.003318
8.0     0.003318
7.0     0.002654
25.0    0.001991
31.0    0.001991
40.0    0.001991
5.0     0.001991
34.0    0.001327
47.0    0.001327
37.0    0.001327
58.0    0.001327
32.0    0.001327
52.0    0.001327
38.0    0.001327
46.0    0.001327
45.0    0.000664
28.0    0.000664
42.0    0.000664
50.0    0.000664
59.0    0.000664
2.0     0.000664
55.0    0.000664
Name: proportion, dtype: float64

====================

w1q114_ei
0.0    1146
1.0     251
3.0      32
2.0      30
6.0      17
4.0      14
5.0       9
7.0       6
8.0       1
9.0       1
Name: count, dtype: int64
w1q114_ei
0.0    0.760451
1.0    0.166556
3.0    0.021234
2.0    0.019907
6.0    0.011281
4.0    0.009290
5.0    0.005972
7.0    0.003981
8.0    0.000664
9.0    0.000664
Name: proportion, dtype: float64

====================

w1q120
97    1363
15      22
16      16
19      12
14      12
18       9
13       9
17       8
21       8
20       7
25       6
22       6
12       5
8        3
27       3
11       2
47       2
24       2
9        2
32       1
23       1
40       1
28       1
45       1
31       1
48       1
50       1
26       1
10       1
Name: count, dtype: int64
w1q120
97    0.904446
15    0.014599
16    0.010617
19    0.007963
14    0.007963
18    0.005972
13    0.005972
17    0.005309
21    0.005309
20    0.004645
25    0.003981
22    0.003981
12    0.003318
8     0.001991
27    0.001991
11    0.001327
47    0.001327
24    0.001327
9     0.001327
32    0.000664
23    0.000664
40    0.000664
28    0.000664
45    0.000664
31    0.000664
48    0.000664
50    0.000664
26    0.000664
10    0.000664
Name: proportion, dtype: float64

====================

w1q121_ei
97.0    1086
13.0      79
14.0      64
12.0      55
15.0      43
16.0      28
10.0      23
17.0      19
11.0      19
18.0      15
19.0      10
9.0        8
0.0        7
6.0        6
20.0       5
7.0        4
8.0        4
23.0       4
27.0       3
22.0       3
25.0       3
24.0       2
30.0       2
5.0        2
21.0       1
46.0       1
2.0        1
40.0       1
1.0        1
29.0       1
54.0       1
26.0       1
32.0       1
41.0       1
4.0        1
35.0       1
37.0       1
Name: count, dtype: int64
w1q121_ei
97.0    0.720637
13.0    0.052422
14.0    0.042468
12.0    0.036496
15.0    0.028534
16.0    0.018580
10.0    0.015262
17.0    0.012608
11.0    0.012608
18.0    0.009954
19.0    0.006636
9.0     0.005309
0.0     0.004645
6.0     0.003981
20.0    0.003318
7.0     0.002654
8.0     0.002654
23.0    0.002654
27.0    0.001991
22.0    0.001991
25.0    0.001991
24.0    0.001327
30.0    0.001327
5.0     0.001327
21.0    0.000664
46.0    0.000664
2.0     0.000664
40.0    0.000664
1.0     0.000664
29.0    0.000664
54.0    0.000664
26.0    0.000664
32.0    0.000664
41.0    0.000664
4.0     0.000664
35.0    0.000664
37.0    0.000664
Name: proportion, dtype: float64

====================

w1q122_ei
97.0    1086
19.0      39
22.0      36
17.0      36
18.0      35
21.0      35
16.0      34
20.0      34
23.0      25
24.0      16
25.0      16
34.0       9
15.0       9
14.0       8
35.0       8
32.0       7
0.0        6
39.0       5
28.0       5
33.0       5
55.0       5
30.0       4
37.0       4
40.0       4
27.0       3
50.0       3
41.0       3
36.0       3
51.0       3
48.0       2
38.0       2
43.0       2
57.0       2
26.0       2
52.0       2
12.0       2
59.0       1
54.0       1
10.0       1
31.0       1
58.0       1
56.0       1
42.0       1
Name: count, dtype: int64
w1q122_ei
97.0    0.720637
19.0    0.025879
22.0    0.023889
17.0    0.023889
18.0    0.023225
21.0    0.023225
16.0    0.022561
20.0    0.022561
23.0    0.016589
24.0    0.010617
25.0    0.010617
34.0    0.005972
15.0    0.005972
14.0    0.005309
35.0    0.005309
32.0    0.004645
0.0     0.003981
39.0    0.003318
28.0    0.003318
33.0    0.003318
55.0    0.003318
30.0    0.002654
37.0    0.002654
40.0    0.002654
27.0    0.001991
50.0    0.001991
41.0    0.001991
36.0    0.001991
51.0    0.001991
48.0    0.001327
38.0    0.001327
43.0    0.001327
57.0    0.001327
26.0    0.001327
52.0    0.001327
12.0    0.001327
59.0    0.000664
54.0    0.000664
10.0    0.000664
31.0    0.000664
58.0    0.000664
56.0    0.000664
42.0    0.000664
Name: proportion, dtype: float64

====================

w1q123a_ei
1.0    626
3.0    380
2.0    293
4.0    171
5.0     37
Name: count, dtype: int64
w1q123a_ei
1.0    0.415395
3.0    0.252157
2.0    0.194426
4.0    0.113470
5.0    0.024552
Name: proportion, dtype: float64

====================

w1q123b_ei
1.0    807
3.0    310
2.0    292
4.0     65
5.0     33
Name: count, dtype: int64
w1q123b_ei
1.0    0.535501
3.0    0.205707
2.0    0.193762
4.0    0.043132
5.0    0.021898
Name: proportion, dtype: float64

====================

w1q123c_ei
1.0    514
4.0    291
3.0    281
5.0    226
2.0    195
Name: count, dtype: int64
w1q123c_ei
1.0    0.341075
4.0    0.193099
3.0    0.186463
5.0    0.149967
2.0    0.129396
Name: proportion, dtype: float64

====================

w1q123d_ei
1.0    681
4.0    308
3.0    183
5.0    178
2.0    157
Name: count, dtype: int64
w1q123d_ei
1.0    0.451891
4.0    0.204380
3.0    0.121433
5.0    0.118115
2.0    0.104180
Name: proportion, dtype: float64

====================

1: 4
2: 3
3: 2
4: 0
5: 1







